=== RESULTADO DA QUERY 1 ===
linhas_alvo: 16055

=== RESULTADO DA QUERY 2 (Amostra 200) ===
id       | ts_local             | imp      | ger      | exp      | consumo_calc
---------------------------------------------------------------------------
25299    | 2026-07-12 17:18:33  | 601.0    | 0.0      | 0.0      | 601.0       
25298    | 2026-07-12 17:13:32  | 600.0    | 0.0      | 0.0      | 600.0       
25297    | 2026-07-12 17:08:31  | 464.0    | 20.0     | 0.0      | 484.0       
25296    | 2026-07-12 17:03:31  | 440.0    | 20.0     | 0.0      | 460.0       
25295    | 2026-07-12 16:58:30  | 370.0    | 20.0     | 0.0      | 390.0       
25294    | 2026-07-12 16:53:29  | 302.0    | 87.4     | 0.0      | 389.4       
25293    | 2026-07-12 16:48:27  | 151.0    | 141.8    | 0.0      | 292.8       
25292    | 2026-07-12 16:43:26  | 0.0      | 1619.7   | 53.0     | 1566.7      
25291    | 2026-07-12 16:38:25  | 0.0      | 2174.7   | 1681.0   | 493.7       
25290    | 2026-07-12 16:33:24  | 0.0      | 2262.2   | 1869.0   | 393.2       
25289    | 2026-07-12 16:28:24  | 0.0      | 2270.0   | 1696.0   | 574.0       
25288    | 2026-07-12 16:23:23  | 0.0      | 1633.8   | 1911.0   | -277.2      
25287    | 2026-07-12 16:18:23  | 0.0      | 2411.7   | 1626.0   | 785.7       
25286    | 2026-07-12 16:13:22  | 0.0      | 1488.5   | 30.0     | 1458.5      
25285    | 2026-07-12 16:08:22  | 0.0      | 2520.5   | 2298.0   | 222.5       
25284    | 2026-07-12 16:03:21  | 0.0      | 1449.7   | 623.0    | 826.7       
25283    | 2026-07-12 15:58:21  | 0.0      | 2211.7   | 3039.0   | -827.3      
25282    | 2026-07-12 15:53:20  | 0.0      | 2472.8   | 3465.0   | -992.2      
25281    | 2026-07-12 15:48:20  | 0.0      | 748.6    | 196.0    | 552.6       
25280    | 2026-07-12 15:43:19  | 0.0      | 641.4    | 335.0    | 306.4       
25279    | 2026-07-12 15:38:19  | 0.0      | 679.6    | 0.0      | 679.6       
25278    | 2026-07-12 15:33:18  | 0.0      | 911.0    | 253.0    | 658.0       
25277    | 2026-07-12 15:28:18  | 0.0      | 1228.4   | 760.0    | 468.4       
25276    | 2026-07-12 15:23:17  | 0.0      | 1655.1   | 843.0    | 812.1       
25275    | 2026-07-12 15:18:17  | 0.0      | 1287.7   | 586.0    | 701.7       
25274    | 2026-07-12 15:13:16  | 0.0      | 1721.0   | 836.0    | 885.0       
25273    | 2026-07-12 15:08:16  | 816.0    | 1887.0   | 0.0      | 2703.0      
25272    | 2026-07-12 15:03:15  | 1006.0   | 4052.4   | 0.0      | 5058.4      
25271    | 2026-07-12 14:58:15  | 0.0      | 3463.0   | 1273.0   | 2190.0      
25270    | 2026-07-12 14:53:14  | 0.0      | 730.5    | 36.0     | 694.5       
25269    | 2026-07-12 14:48:14  | 90.0     | 615.3    | 0.0      | 705.3       
25268    | 2026-07-12 14:43:13  | 186.0    | 544.1    | 0.0      | 730.1       
25267    | 2026-07-12 14:38:13  | 2300.0   | 774.9    | 0.0      | 3074.9      
25266    | 2026-07-12 14:33:12  | 2884.0   | 376.0    | 0.0      | 3260.0      
25265    | 2026-07-12 14:28:12  | 52.0     | 363.0    | 0.0      | 415.0       
25264    | 2026-07-12 14:23:11  | 920.0    | 466.5    | 0.0      | 1386.5      
25263    | 2026-07-12 14:18:11  | 721.0    | 588.7    | 0.0      | 1309.7      
25262    | 2026-07-12 14:13:10  | 201.0    | 1222.0   | 0.0      | 1423.0      
25261    | 2026-07-12 14:08:10  | 134.0    | 1113.0   | 0.0      | 1247.0      
25260    | 2026-07-12 14:03:09  | 0.0      | 2160.1   | 2272.0   | -111.9      
25259    | 2026-07-12 13:58:09  | 0.0      | 1829.1   | 652.0    | 1177.1      
25258    | 2026-07-12 13:53:08  | 0.0      | 1529.8   | 197.0    | 1332.8      
25257    | 2026-07-12 13:48:08  | 103.0    | 1148.9   | 0.0      | 1251.9      
25256    | 2026-07-12 13:43:07  | 110.0    | 1041.1   | 0.0      | 1151.1      
25255    | 2026-07-12 13:38:07  | 0.0      | 1489.4   | 226.0    | 1263.4      
25254    | 2026-07-12 13:33:06  | 0.0      | 1144.5   | 131.0    | 1013.5      
25253    | 2026-07-12 13:28:06  | 0.0      | 1120.5   | 53.0     | 1067.5      
25252    | 2026-07-12 13:23:05  | 0.0      | 1294.8   | 370.0    | 924.8       
25251    | 2026-07-12 13:18:04  | 0.0      | 1905.7   | 365.0    | 1540.7      
25250    | 2026-07-12 13:13:03  | 0.0      | 2298.1   | 47.0     | 2251.1      
25249    | 2026-07-12 13:08:01  | 0.0      | 1908.7   | 1087.0   | 821.7       
25248    | 2026-07-12 13:03:01  | 0.0      | 2645.5   | 319.0    | 2326.5      
25247    | 2026-07-12 12:58:00  | 0.0      | 2414.2   | 1109.0   | 1305.2      
25246    | 2026-07-12 12:52:59  | 0.0      | 3280.7   | 3640.0   | -359.3      
25245    | 2026-07-12 12:47:58  | 0.0      | 3341.4   | 3187.0   | 154.4       
25244    | 2026-07-12 12:42:57  | 0.0      | 3518.4   | 1399.0   | 2119.4      
25243    | 2026-07-12 12:37:56  | 0.0      | 3517.2   | 1221.0   | 2296.2      
25242    | 2026-07-12 12:32:56  | 0.0      | 2254.0   | 3011.0   | -757.0      
25241    | 2026-07-12 12:27:54  | 0.0      | 2003.3   | 1045.0   | 958.3       
25240    | 2026-07-12 12:22:54  | 358.0    | 2597.8   | 0.0      | 2955.8      
25239    | 2026-07-12 12:17:53  | 0.0      | 3323.3   | 1102.0   | 2221.3      
25238    | 2026-07-12 12:12:52  | 0.0      | 2871.7   | 275.0    | 2596.7      
25237    | 2026-07-12 12:07:51  | 0.0      | 3595.0   | 2265.0   | 1330.0      
25236    | 2026-07-12 12:02:50  | 0.0      | 3168.3   | 1769.0   | 1399.3      
25235    | 2026-07-12 11:57:49  | 0.0      | 3657.4   | 1401.0   | 2256.4      
25234    | 2026-07-12 11:52:48  | 0.0      | 3503.8   | 2003.0   | 1500.8      
25233    | 2026-07-12 11:47:47  | 0.0      | 3296.7   | 2088.0   | 1208.7      
25232    | 2026-07-12 11:42:47  | 0.0      | 3029.3   | 1776.0   | 1253.3      
25231    | 2026-07-12 11:37:46  | 0.0      | 3249.3   | 1972.0   | 1277.3      
25230    | 2026-07-12 11:32:45  | 0.0      | 2920.6   | 1631.0   | 1289.6      
25229    | 2026-07-12 11:27:44  | 0.0      | 1506.6   | 279.0    | 1227.6      
25228    | 2026-07-12 11:22:43  | 0.0      | 1726.2   | 160.0    | 1566.2      
25227    | 2026-07-12 11:17:42  | 0.0      | 2058.1   | 831.0    | 1227.1      
25226    | 2026-07-12 11:12:42  | 2453.0   | 1795.7   | 0.0      | 4248.7      
25225    | 2026-07-12 11:07:40  | 619.0    | 3484.7   | 0.0      | 4103.7      
25224    | 2026-07-12 11:02:40  | 2621.0   | 1395.0   | 0.0      | 4016.0      
25223    | 2026-07-12 10:57:39  | 3017.0   | 842.0    | 0.0      | 3859.0      
25222    | 2026-07-12 10:52:38  | 3065.0   | 961.0    | 0.0      | 4026.0      
25221    | 2026-07-12 10:47:37  | 2812.0   | 1109.5   | 0.0      | 3921.5      
25220    | 2026-07-12 10:42:36  | 3468.0   | 300.8    | 0.0      | 3768.8      
25219    | 2026-07-12 10:37:35  | 3715.0   | 144.4    | 0.0      | 3859.4      
25218    | 2026-07-12 10:32:35  | 4027.0   | 25.1     | 0.0      | 4052.1      
25217    | 2026-07-12 10:27:33  | 3910.0   | 20.0     | 0.0      | 3930.0      
25216    | 2026-07-12 10:22:32  | 3992.0   | 103.8    | 0.0      | 4095.8      
25215    | 2026-07-12 10:17:31  | 3679.0   | 282.7    | 0.0      | 3961.7      
25214    | 2026-07-12 10:12:30  | 624.0    | 524.5    | 0.0      | 1148.5      
25213    | 2026-07-12 10:07:29  | 462.0    | 816.4    | 0.0      | 1278.4      
25212    | 2026-07-12 10:02:28  | 77.0     | 963.8    | 0.0      | 1040.8      
25211    | 2026-07-12 09:57:27  | 589.0    | 506.4    | 0.0      | 1095.4      
25210    | 2026-07-12 09:52:26  | 734.0    | 218.0    | 0.0      | 952.0       
25209    | 2026-07-12 09:47:25  | 957.0    | 171.7    | 0.0      | 1128.7      
25208    | 2026-07-12 09:42:24  | 714.0    | 253.6    | 0.0      | 967.6       
25207    | 2026-07-12 09:37:23  | 1063.0   | 77.0     | 0.0      | 1140.0      
25206    | 2026-07-12 09:32:22  | 943.0    | 33.0     | 0.0      | 976.0       
25205    | 2026-07-12 09:27:21  | 866.0    | 234.3    | 0.0      | 1100.3      
25204    | 2026-07-12 09:22:20  | 838.0    | 172.2    | 0.0      | 1010.2      
25203    | 2026-07-12 09:17:19  | 499.0    | 734.3    | 0.0      | 1233.3      
25202    | 2026-07-12 09:12:18  | 22.0     | 931.1    | 0.0      | 953.1       
25201    | 2026-07-12 09:07:16  | 710.0    | 383.7    | 0.0      | 1093.7      
25200    | 2026-07-12 09:02:15  | 749.0    | 286.4    | 0.0      | 1035.4      
25199    | 2026-07-12 08:57:14  | 867.0    | 257.6    | 0.0      | 1124.6      
25198    | 2026-07-12 08:52:14  | 725.0    | 409.2    | 0.0      | 1134.2      
25197    | 2026-07-12 08:47:13  | 617.0    | 356.9    | 0.0      | 973.9       
25196    | 2026-07-12 08:42:12  | 676.0    | 314.8    | 0.0      | 990.8       
25195    | 2026-07-12 08:37:11  | 1023.0   | 168.0    | 0.0      | 1191.0      
25194    | 2026-07-12 08:32:10  | 1108.0   | 46.6     | 0.0      | 1154.6      
25193    | 2026-07-12 08:27:09  | 1006.0   | 84.7     | 0.0      | 1090.7      
25192    | 2026-07-12 08:22:08  | 1019.0   | 67.6     | 0.0      | 1086.6      
25191    | 2026-07-12 08:17:07  | 1063.0   | 160.5    | 0.0      | 1223.5      
25190    | 2026-07-12 08:12:05  | 748.0    | 216.8    | 0.0      | 964.8       
25189    | 2026-07-12 08:07:04  | 0.0      | 454.9    | 283.0    | 171.9       
25188    | 2026-07-12 08:02:03  | 0.0      | 503.9    | 380.0    | 123.9       
25187    | 2026-07-12 07:57:02  | 0.0      | 354.3    | 243.0    | 111.3       
25186    | 2026-07-12 07:52:01  | 0.0      | 277.7    | 216.0    | 61.7        
25185    | 2026-07-12 07:47:00  | 0.0      | 246.3    | 153.0    | 93.3        
25184    | 2026-07-12 07:41:59  | 20.0     | 206.9    | 0.0      | 226.9       
25183    | 2026-07-12 07:36:58  | 9.0      | 167.4    | 0.0      | 176.4       
25182    | 2026-07-12 07:31:57  | 114.0    | 116.6    | 0.0      | 230.6       
25181    | 2026-07-12 07:26:55  | 190.0    | 52.5     | 0.0      | 242.5       
25180    | 2026-07-12 07:21:54  | 172.0    | 20.0     | 0.0      | 192.0       
25179    | 2026-07-12 07:16:53  | 257.0    | 20.0     | 0.0      | 277.0       
25178    | 2026-07-12 07:11:53  | 294.0    | 20.0     | 0.0      | 314.0       
25177    | 2026-07-12 07:06:52  | 329.0    | 20.0     | 0.0      | 349.0       
25176    | 2026-07-12 07:01:51  | 332.0    | 20.0     | 0.0      | 352.0       
25175    | 2026-07-12 06:56:50  | 314.0    | 0.0      | 0.0      | 314.0       
25174    | 2026-07-12 06:51:48  | 269.0    | 0.0      | 0.0      | 269.0       
25173    | 2026-07-12 06:46:47  | 274.0    | 0.0      | 0.0      | 274.0       
25172    | 2026-07-12 06:41:46  | 1548.0   | 0.0      | 0.0      | 1548.0      
25171    | 2026-07-12 06:36:45  | 389.0    | 0.0      | 0.0      | 389.0       
25170    | 2026-07-12 06:31:44  | 527.0    | 0.0      | 0.0      | 527.0       
25169    | 2026-07-12 06:26:43  | 1673.0   | 0.0      | 0.0      | 1673.0      
25168    | 2026-07-12 06:21:42  | 538.0    | 0.0      | 0.0      | 538.0       
25167    | 2026-07-12 06:16:41  | 1539.0   | 0.0      | 0.0      | 1539.0      
25166    | 2026-07-12 06:11:40  | 1725.0   | 0.0      | 0.0      | 1725.0      
25165    | 2026-07-12 06:06:39  | 1496.0   | 0.0      | 0.0      | 1496.0      
25164    | 2026-07-12 06:01:38  | 546.0    | 0.0      | 0.0      | 546.0       
25163    | 2026-07-12 05:56:37  | 367.0    | 0.0      | 0.0      | 367.0       
25162    | 2026-07-12 05:51:36  | 1625.0   | 0.0      | 0.0      | 1625.0      
25161    | 2026-07-12 05:46:35  | 366.0    | 0.0      | 0.0      | 366.0       
25160    | 2026-07-12 05:41:34  | 437.0    | 0.0      | 0.0      | 437.0       
25159    | 2026-07-12 05:36:33  | 1612.0   | 0.0      | 0.0      | 1612.0      
25158    | 2026-07-12 05:31:32  | 609.0    | 0.0      | 0.0      | 609.0       
25157    | 2026-07-12 05:26:31  | 442.0    | 0.0      | 0.0      | 442.0       
25156    | 2026-07-12 05:21:30  | 591.0    | 0.0      | 0.0      | 591.0       
25155    | 2026-07-12 05:16:29  | 440.0    | 0.0      | 0.0      | 440.0       
25154    | 2026-07-12 05:11:28  | 1812.0   | 0.0      | 0.0      | 1812.0      
25153    | 2026-07-12 05:06:27  | 453.0    | 0.0      | 0.0      | 453.0       
25152    | 2026-07-12 05:01:26  | 589.0    | 0.0      | 0.0      | 589.0       
25151    | 2026-07-12 04:56:25  | 1464.0   | 0.0      | 0.0      | 1464.0      
25150    | 2026-07-12 04:51:24  | 494.0    | 0.0      | 0.0      | 494.0       
25149    | 2026-07-12 04:46:23  | 346.0    | 0.0      | 0.0      | 346.0       
25148    | 2026-07-12 04:41:22  | 1778.0   | 0.0      | 0.0      | 1778.0      
25147    | 2026-07-12 04:36:20  | 348.0    | 0.0      | 0.0      | 348.0       
25146    | 2026-07-12 04:31:20  | 1638.0   | 0.0      | 0.0      | 1638.0      
25145    | 2026-07-12 04:26:19  | 373.0    | 0.0      | 0.0      | 373.0       
25144    | 2026-07-12 04:21:18  | 509.0    | 0.0      | 0.0      | 509.0       
25143    | 2026-07-12 04:16:17  | 1511.0   | 0.0      | 0.0      | 1511.0      
25142    | 2026-07-12 04:11:15  | 502.0    | 0.0      | 0.0      | 502.0       
25141    | 2026-07-12 04:06:14  | 1750.0   | 0.0      | 0.0      | 1750.0      
25140    | 2026-07-12 04:01:14  | 1760.0   | 0.0      | 0.0      | 1760.0      
25139    | 2026-07-12 03:56:13  | 1490.0   | 0.0      | 0.0      | 1490.0      
25138    | 2026-07-12 03:51:12  | 547.0    | 0.0      | 0.0      | 547.0       
25137    | 2026-07-12 03:46:10  | 399.0    | 0.0      | 0.0      | 399.0       
25136    | 2026-07-12 03:41:09  | 1774.0   | 0.0      | 0.0      | 1774.0      
25135    | 2026-07-12 03:36:08  | 409.0    | 0.0      | 0.0      | 409.0       
25134    | 2026-07-12 03:31:08  | 1840.0   | 0.0      | 0.0      | 1840.0      
25133    | 2026-07-12 03:26:07  | 414.0    | 0.0      | 0.0      | 414.0       
25132    | 2026-07-12 03:21:05  | 535.0    | 0.0      | 0.0      | 535.0       
25131    | 2026-07-12 03:16:04  | 1608.0   | 0.0      | 0.0      | 1608.0      
25130    | 2026-07-12 03:11:03  | 432.0    | 0.0      | 0.0      | 432.0       
25129    | 2026-07-12 03:06:02  | 507.0    | 0.0      | 0.0      | 507.0       
25128    | 2026-07-12 03:01:01  | 1657.0   | 0.0      | 0.0      | 1657.0      
25127    | 2026-07-12 02:56:00  | 521.0    | 0.0      | 0.0      | 521.0       
25126    | 2026-07-12 02:51:00  | 1442.0   | 0.0      | 0.0      | 1442.0      
25125    | 2026-07-12 02:45:59  | 546.0    | 0.0      | 0.0      | 546.0       
25124    | 2026-07-12 02:40:58  | 558.0    | 0.0      | 0.0      | 558.0       
25123    | 2026-07-12 02:35:57  | 1854.0   | 0.0      | 0.0      | 1854.0      
25122    | 2026-07-12 02:30:55  | 2357.0   | 0.0      | 0.0      | 2357.0      
25121    | 2026-07-12 02:25:54  | 1715.0   | 0.0      | 0.0      | 1715.0      
25120    | 2026-07-12 02:20:53  | 476.0    | 0.0      | 0.0      | 476.0       
25119    | 2026-07-12 02:15:52  | 1742.0   | 0.0      | 0.0      | 1742.0      
25118    | 2026-07-12 02:10:51  | 560.0    | 0.0      | 0.0      | 560.0       
25117    | 2026-07-12 02:05:50  | 743.0    | 0.0      | 0.0      | 743.0       
25116    | 2026-07-12 02:00:49  | 760.0    | 0.0      | 0.0      | 760.0       
25115    | 2026-07-12 01:55:48  | 1047.0   | 0.0      | 0.0      | 1047.0      
25114    | 2026-07-12 01:50:47  | 896.0    | 0.0      | 0.0      | 896.0       
25113    | 2026-07-12 01:45:46  | 1073.0   | 0.0      | 0.0      | 1073.0      
25112    | 2026-07-12 01:40:45  | 940.0    | 0.0      | 0.0      | 940.0       
25111    | 2026-07-12 01:35:44  | 1124.0   | 0.0      | 0.0      | 1124.0      
25110    | 2026-07-12 01:30:43  | 963.0    | 0.0      | 0.0      | 963.0       
25109    | 2026-07-12 01:25:42  | 1118.0   | 0.0      | 0.0      | 1118.0      
25108    | 2026-07-12 01:20:41  | 963.0    | 0.0      | 0.0      | 963.0       
25107    | 2026-07-12 01:15:40  | 1123.0   | 0.0      | 0.0      | 1123.0      
25106    | 2026-07-12 01:10:39  | 989.0    | 0.0      | 0.0      | 989.0       
25105    | 2026-07-12 01:05:38  | 1123.0   | 0.0      | 0.0      | 1123.0      
25104    | 2026-07-12 01:00:37  | 955.0    | 0.0      | 0.0      | 955.0       
25103    | 2026-07-12 00:55:36  | 1168.0   | 0.0      | 0.0      | 1168.0      
25102    | 2026-07-12 00:50:35  | 837.0    | 0.0      | 0.0      | 837.0       
25101    | 2026-07-12 00:45:33  | 1324.0   | 0.0      | 0.0      | 1324.0      
25100    | 2026-07-12 00:40:33  | 1239.0   | 0.0      | 0.0      | 1239.0      
